0 0.004340 0.367304 0.004271 0.148620
0 0.017326 0.442675 0.006269 0.193206
0 0.118869 0.446921 0.005304 0.210191
0 0.141706 0.509554 0.003582 0.203822
0 0.137986 0.483015 0.004133 0.167728
0 0.131958 0.369427 0.005304 0.186837
0 0.171569 0.480892 0.005304 0.184713
0 0.180766 0.347134 0.004409 0.171975
0 0.278210 0.541401 0.005580 0.191083
0 0.277900 0.376858 0.004409 0.108280
0 0.246866 0.608280 0.006958 0.180467
0 0.256958 0.203822 0.002756 0.097665
0 0.304664 0.459660 0.006131 0.163482
0 0.291919 0.449045 0.003927 0.146497
0 0.285375 0.380042 0.003651 0.101911
0 0.401109 0.463907 0.005718 0.159236
0 0.426150 0.373673 0.004409 0.174098
0 0.432833 0.421444 0.005511 0.154989
0 0.441719 0.229299 0.004133 0.161359
0 0.449642 0.218684 0.003582 0.127389
0 0.446817 0.441614 0.005511 0.199575
0 0.491905 0.121019 0.007509 0.127389
0 0.501274 0.422505 0.004753 0.157113
0 0.500999 0.212314 0.002824 0.110403
0 0.532206 0.340764 0.005718 0.129512
0 0.534376 0.190021 0.003858 0.116773
0 0.525558 0.401274 0.004271 0.114650
0 0.562793 0.432059 0.005580 0.142251
0 0.568786 0.176221 0.003651 0.148620
0 0.563895 0.092357 0.004064 0.116773
