0 0.034671 0.299389 0.009829 0.105906
0 0.039383 0.249491 0.007675 0.103870
0 0.049751 0.344196 0.013868 0.114053
0 0.055002 0.276986 0.005251 0.089613
0 0.121314 0.223014 0.009156 0.169043
0 0.112091 0.361507 0.014407 0.107943
0 0.139424 0.211813 0.014407 0.109980
0 0.239733 0.351324 0.010906 0.128310
0 0.253669 0.343177 0.010502 0.164969
0 0.255015 0.219959 0.004578 0.085540
0 0.249899 0.230143 0.007540 0.093686
0 0.340851 0.336049 0.009560 0.089613
0 0.336408 0.211813 0.007136 0.109980
0 0.343005 0.225051 0.006598 0.075356
0 0.355123 0.334012 0.013060 0.093686
0 0.437727 0.197556 0.004309 0.069246
0 0.442372 0.257637 0.008213 0.120163
0 0.492931 0.274949 0.007540 0.114053
0 0.495557 0.232179 0.006867 0.130346
0 0.573650 0.359470 0.012791 0.124236
0 0.584556 0.318737 0.009560 0.103870
0 0.178470 0.355397 0.007136 0.173116
0 0.284502 0.294297 0.007001 0.103870
0 0.678605 0.223014 0.005924 0.116090
0 0.674970 0.314664 0.009694 0.107943
0 0.690588 0.352342 0.013464 0.101833
0 0.694830 0.280041 0.010637 0.112016
0 0.771779 0.252546 0.007809 0.105906
0 0.767201 0.207739 0.007809 0.093686
0 0.846843 0.285132 0.007405 0.105906
0 0.868924 0.357434 0.010637 0.103870
0 0.848189 0.229124 0.007405 0.103870
0 0.842265 0.250509 0.004713 0.081466
0 0.940285 0.202648 0.008483 0.091650
