0 0.030285 0.225053 0.011013 0.144374
0 0.271878 0.170913 0.009243 0.099788
0 0.427729 0.147558 0.011406 0.138004
0 0.478859 0.221868 0.012193 0.138004
0 0.584366 0.171975 0.013569 0.123142
0 0.538840 0.234607 0.009440 0.112527
0 0.546804 0.193206 0.006490 0.101911
0 0.554376 0.185775 0.007866 0.095541
0 0.735792 0.175159 0.011603 0.116773
0 0.757915 0.149682 0.011013 0.133758
0 0.989971 0.290870 0.012586 0.161359
0 0.123009 0.540340 0.013176 0.125265
0 0.220157 0.457537 0.012783 0.154989
0 0.327925 0.208068 0.007276 0.101911
0 0.067355 0.209130 0.010423 0.099788
0 0.080531 0.192144 0.006883 0.142251
