0 0.003996 0.357749 0.003996 0.146497
0 0.017567 0.435244 0.004822 0.144374
0 0.142395 0.511677 0.004409 0.148620
0 0.131958 0.364119 0.005167 0.176221
0 0.171432 0.447983 0.005304 0.165605
0 0.169640 0.164544 0.002962 0.129512
0 0.278314 0.541401 0.005924 0.182590
0 0.256717 0.209130 0.003651 0.112527
0 0.305663 0.466030 0.007302 0.227176
0 0.291334 0.418259 0.004822 0.195329
0 0.285581 0.376858 0.002962 0.104034
0 0.277831 0.355626 0.004822 0.099788
0 0.426702 0.370488 0.005787 0.171975
0 0.433522 0.422505 0.005098 0.186837
0 0.441788 0.199575 0.004271 0.203822
0 0.436484 0.161359 0.003169 0.131635
0 0.491837 0.124204 0.006682 0.146497
0 0.501757 0.419321 0.004478 0.205945
0 0.512745 0.463907 0.005924 0.227176
0 0.525145 0.440552 0.004822 0.180467
0 0.532413 0.377919 0.005167 0.191083
0 0.533584 0.196391 0.003513 0.108280
0 0.562621 0.429936 0.003582 0.142251
0 0.557971 0.242038 0.002962 0.144374
0 0.611980 0.471338 0.004478 0.182590
0 0.660616 0.340764 0.006958 0.184713
0 0.669950 0.166667 0.003720 0.180467
0 0.692443 0.406582 0.004202 0.167728
0 0.668263 0.509554 0.004340 0.157113
0 0.680215 0.440552 0.004409 0.150743
0 0.800014 0.337580 0.007440 0.254777
0 0.908894 0.370488 0.003651 0.112527
0 0.920088 0.446921 0.004684 0.129512
0 0.931214 0.391720 0.004891 0.121019
0 0.940066 0.343949 0.005787 0.165605
0 0.946783 0.377919 0.003789 0.225053
0 0.986980 0.147558 0.003858 0.138004
0 0.809796 0.369427 0.007578 0.199575
0 0.768256 0.382166 0.004684 0.174098
