0 0.052302 0.193483 0.015052 0.114053
0 0.021250 0.223014 0.013913 0.169043
0 0.107387 0.238289 0.014925 0.150713
0 0.211991 0.202648 0.014925 0.181263
0 0.371616 0.198574 0.009866 0.124236
0 0.384202 0.216904 0.008728 0.140530
0 0.466924 0.214868 0.008222 0.079430
0 0.569947 0.191446 0.015684 0.122200
0 0.523020 0.204684 0.008348 0.112016
0 0.464331 0.153768 0.008348 0.083503
0 0.625854 0.066191 0.016949 0.128310
0 0.739944 0.209776 0.011637 0.130346
0 0.792373 0.190428 0.013028 0.116090
0 0.929610 0.077393 0.010245 0.134420
0 0.925373 0.207739 0.010878 0.122200
0 0.996458 0.094705 0.007083 0.112016
0 0.843157 0.203666 0.010878 0.134420
0 0.889514 0.174134 0.009486 0.091650
0 0.894384 0.246436 0.011637 0.138493
