0 0.103463 0.084926 0.025031 0.140127
0 0.126199 0.122081 0.018773 0.138004
0 0.162703 0.100849 0.016688 0.121019
0 0.318315 0.278132 0.035044 0.169851
0 0.305799 0.139066 0.018356 0.154989
0 0.246975 0.118896 0.022528 0.114650
0 0.402587 0.283439 0.031706 0.121019
0 0.430330 0.104034 0.023780 0.101911
0 0.552983 0.128450 0.018773 0.116773
0 0.712766 0.105096 0.014602 0.133758
0 0.832290 0.331210 0.033375 0.169851
0 0.847309 0.250531 0.020859 0.191083
0 0.981852 0.140127 0.028786 0.123142
0 0.601794 0.147558 0.017105 0.121019
0 0.621193 0.091295 0.015019 0.127389
0 0.736337 0.168790 0.019191 0.121019
0 0.746558 0.299363 0.020442 0.135881
0 0.794952 0.198514 0.022945 0.129512
