0 0.047637 0.162933 0.008945 0.191446
0 0.040826 0.156823 0.006975 0.171079
0 0.054119 0.176171 0.005662 0.128310
0 0.092976 0.191446 0.007878 0.134420
0 0.003323 0.186354 0.005826 0.124236
0 0.115624 0.060081 0.003447 0.095723
0 0.172165 0.150713 0.007057 0.130346
0 0.187059 0.185336 0.009273 0.183299
0 0.213113 0.054990 0.002954 0.081466
0 0.222674 0.135438 0.006319 0.120163
0 0.279419 0.054990 0.003447 0.097760
0 0.284302 0.053971 0.002708 0.095723
0 0.292056 0.044807 0.004103 0.081466
0 0.391597 0.056008 0.002954 0.079430
0 0.512966 0.084521 0.008699 0.164969
0 0.534835 0.253564 0.011078 0.136456
0 0.538979 0.121181 0.006073 0.071283
0 0.547555 0.259674 0.009929 0.095723
0 0.608485 0.170061 0.008370 0.124236
0 0.712047 0.142566 0.004760 0.109980
0 0.838790 0.149695 0.005006 0.099796
0 0.836082 0.198574 0.006647 0.087576
0 0.951132 0.175153 0.009765 0.146640
0 0.958395 0.143585 0.008699 0.164969
0 0.965411 0.146640 0.005990 0.105906
