0 0.039513 0.168790 0.006204 0.227176
0 0.103914 0.260085 0.009010 0.218684
0 0.173892 0.386412 0.009823 0.186837
0 0.189106 0.409766 0.010266 0.199575
0 0.203545 0.265393 0.009897 0.246285
0 0.214402 0.356688 0.008419 0.212314
0 0.242651 0.273885 0.009232 0.259023
0 0.230761 0.383227 0.009232 0.163482
0 0.236226 0.427813 0.008936 0.146497
0 0.293796 0.426752 0.006795 0.161359
0 0.290694 0.626327 0.010783 0.208068
0 0.298449 0.602972 0.010487 0.191083
0 0.321566 0.560510 0.012408 0.169851
0 0.308789 0.322718 0.008419 0.220807
0 0.282533 0.381104 0.005244 0.171975
0 0.264439 0.150743 0.012925 0.229299
0 0.153508 0.230361 0.006573 0.159236
0 0.097009 0.474522 0.008493 0.193206
0 0.089808 0.427813 0.007976 0.171975
0 0.052474 0.333333 0.008936 0.195329
