0 0.024403 0.446921 0.032199 0.180467
0 0.037161 0.627389 0.026529 0.197452
0 0.100851 0.292994 0.025921 0.157113
0 0.122418 0.195329 0.021264 0.169851
0 0.151478 0.201699 0.021466 0.191083
0 0.072195 0.453291 0.027339 0.167728
0 0.435500 0.338641 0.027744 0.197452
0 0.456966 0.124204 0.017618 0.125265
0 0.430134 0.576433 0.037262 0.235669
0 0.458789 0.456476 0.028554 0.199575
0 0.482280 0.390658 0.023289 0.178344
0 0.491900 0.489384 0.027136 0.210191
0 0.625051 0.294055 0.029364 0.235669
0 0.708688 0.481953 0.037870 0.271762
0 0.767213 0.325902 0.023289 0.214437
0 0.879202 0.329087 0.029364 0.216561
0 0.263366 0.200637 0.019644 0.159236
0 0.289490 0.601911 0.032604 0.218684
0 0.308829 0.601911 0.030782 0.218684
0 0.337890 0.377919 0.036655 0.208068
0 0.299919 0.305732 0.035642 0.212314
0 0.938032 0.484076 0.040502 0.233546
0 0.900567 0.434183 0.029972 0.201699
0 0.983090 0.268577 0.024099 0.227176
0 0.074929 0.562633 0.022681 0.216561
0 0.245140 0.574310 0.041515 0.303609
