125.00000000000001 111.00000000000001 95 111 95.00000000000001 192 125.00000000000003 192 hyperbola 0
137 113 115 113 115.00000000000001 193 137 193 hyperbola 0
156 116.00000000000003 131 116.00000000000003 131 185 156 185 hyperbola 0
175 123.00000000000003 151 123.00000000000003 151 189 175 189 hyperbola 0
195 116.00000000000003 173 116.00000000000003 173 186 195 186 hyperbola 0
210 116.00000000000003 194 116.00000000000003 194 195 210 195 hyperbola 0
232 119.00000000000003 211 119.00000000000003 211 187 232 187 hyperbola 0
252 118.00000000000003 232 118.00000000000003 232 187.00000000000003 252 187.00000000000006 hyperbola 0
274 118.00000000000003 252 118.00000000000003 252 187.00000000000006 274 187.00000000000006 hyperbola 0
293 111.00000000000003 275 111.00000000000003 275 187.00000000000006 293 187.00000000000006 hyperbola 0
313 118.00000000000003 296 118.00000000000003 296 184.00000000000006 313 184.00000000000006 hyperbola 0
330 122.00000000000003 313 122.00000000000003 313 184.00000000000006 330 184.00000000000006 hyperbola 0
352 119.00000000000004 329 119.00000000000003 329 183.00000000000006 352 183.00000000000006 hyperbola 0
368 116.00000000000006 352 116.00000000000006 352 182.00000000000006 368 182.00000000000006 hyperbola 0
387 116.00000000000006 368 116.00000000000006 368 187.00000000000006 387 187.00000000000006 hyperbola 0
403 114.00000000000006 387 114.00000000000006 387 186.00000000000006 403 186.00000000000006 hyperbola 0
430 112.00000000000006 404 112.00000000000006 404 185.00000000000006 430 185.00000000000006 hyperbola 0
450 106.00000000000006 430 106.00000000000006 430 182.00000000000006 450 182.00000000000006 hyperbola 0
464 107.00000000000006 450 107.00000000000006 450 190.00000000000006 464 190.00000000000006 hyperbola 0
481 123.00000000000006 460 123.00000000000006 460 174.00000000000006 481 174.00000000000006 hyperbola 0
506 123.00000000000006 485 123.00000000000006 485 183.00000000000006 506 183.00000000000006 hyperbola 0
530 124.00000000000006 507 124.00000000000006 507 183.00000000000006 530 183.00000000000006 hyperbola 0
547 125.00000000000006 530 125.00000000000006 530 185.00000000000006 547 185.00000000000006 hyperbola 0
568 120.00000000000006 548 120.00000000000006 548 185.00000000000006 568 185.00000000000006 hyperbola 0
589 122.00000000000006 568 122.00000000000006 568 198.00000000000006 589 198.00000000000006 hyperbola 0
614 115.00000000000009 594 115.00000000000009 594 192.00000000000006 614 192.00000000000006 hyperbola 0
629 116.00000000000009 614 116.00000000000009 614 185.00000000000006 629 185.00000000000006 hyperbola 0