80.00000000000003 130 54.000000000000014 130 54.00000000000002 179 80.00000000000003 179 hyperbola 0
94.00000000000003 115 67 115 67.00000000000001 174 94.00000000000003 174 hyperbola 0
107.00000000000001 114 87 114 87.00000000000001 170 107.00000000000003 170 hyperbola 0
119.00000000000003 114.00000000000003 103 114 103 168 119.00000000000003 168 hyperbola 0
134 115.00000000000003 120 115.00000000000003 120.00000000000001 168 134 168 hyperbola 0
154 114.00000000000003 134 114.00000000000003 134 168 154 168 hyperbola 0
174 118.00000000000003 154 118.00000000000003 154 170 174 170 hyperbola 0
193 117.00000000000003 175 117.00000000000003 175 168 193 168 hyperbola 0
217 119.00000000000003 194 119.00000000000003 194 162 217 162 hyperbola 0
235 117.00000000000003 214 117.00000000000003 214 173.00000000000006 235 173.00000000000006 hyperbola 0
255 113.00000000000003 235 113.00000000000003 235 173.00000000000006 255 173.00000000000006 hyperbola 0
273 113.00000000000003 254 113.00000000000003 254 171.00000000000006 273 171.00000000000006 hyperbola 0
292 108.00000000000003 273 108.00000000000003 273 171.00000000000006 292 171.00000000000006 hyperbola 0
313 110.00000000000003 292 110.00000000000003 292 170.00000000000006 313 170.00000000000006 hyperbola 0
333 114.00000000000003 314 114.00000000000003 314 171.00000000000006 333 171.00000000000006 hyperbola 0
350 114.00000000000004 334 114.00000000000003 334 170.00000000000006 350 170.00000000000006 hyperbola 0
369 110.00000000000006 351 110.00000000000006 351 168.00000000000006 369 168.00000000000006 hyperbola 0
386 110.00000000000006 369 110.00000000000006 369 169.00000000000006 386 169.00000000000006 hyperbola 0
404 113.00000000000006 386 113.00000000000006 386 170.00000000000006 404 170.00000000000006 hyperbola 0
414 141.00000000000006 401 141.00000000000006 401 175.00000000000006 414 175.00000000000006 hyperbola 0
430 110.00000000000006 411 110.00000000000006 411 168.00000000000006 430 168.00000000000006 hyperbola 0
447 109.00000000000006 430 109.00000000000006 430 167.00000000000006 447 167.00000000000006 hyperbola 0
465 124.00000000000006 448 124.00000000000006 448 171.00000000000006 465 171.00000000000006 hyperbola 0
483 126.00000000000006 466 126.00000000000006 466 171.00000000000006 483 171.00000000000006 hyperbola 0
508 124.00000000000006 483 124.00000000000006 483 173.00000000000006 508 173.00000000000006 hyperbola 0
529 120.00000000000006 508 120.00000000000006 508 175.00000000000006 529 175.00000000000006 hyperbola 0
547 120.00000000000006 529 120.00000000000006 529 175.00000000000006 547 175.00000000000006 hyperbola 0
568 123.00000000000006 547 123.00000000000006 547 176.00000000000006 568 176.00000000000006 hyperbola 0
591 124.00000000000007 568 124.00000000000006 568 179.00000000000006 591 179.00000000000006 hyperbola 0
610 118.00000000000009 593 118.00000000000009 593 180.00000000000006 610 180.00000000000006 hyperbola 0
628 118.00000000000009 610 118.00000000000009 610 181.00000000000006 628 181.00000000000006 hyperbola 0