313 114.00000000000003 296 114.00000000000003 296 178.00000000000006 313 178.00000000000006 hyperbola 0
328 115.00000000000003 311 115.00000000000003 311 182.00000000000006 328 182.00000000000006 hyperbola 0
341 122.00000000000003 325 122.00000000000003 325 170.00000000000006 341 170.00000000000006 hyperbola 0
361 118.00000000000004 344 118.00000000000003 344 172.00000000000006 361 172.00000000000006 hyperbola 0
378 108.00000000000006 362 108.00000000000006 362 172.00000000000006 378 172.00000000000006 hyperbola 0
152 119.00000000000003 132 119.00000000000003 132 169 152 169 hyperbola 0
167 117.00000000000003 143 117.00000000000003 143 177 167 177 hyperbola 0
65.00000000000003 134 41.000000000000014 134 41.00000000000002 177 65.00000000000003 177 hyperbola 0
84.00000000000003 126 58.000000000000014 126 58.00000000000003 180 84.00000000000003 180 hyperbola 0
95.00000000000003 122 74.00000000000003 122 74.00000000000003 176 95.00000000000003 176 hyperbola 0
201 127.00000000000003 184 127.00000000000003 184 173 201 173 hyperbola 0
215 120.00000000000003 201 120.00000000000003 201 174 215 174 hyperbola 0
233 120.00000000000003 216 120.00000000000003 216 176 233 176.00000000000006 hyperbola 0
247 123.00000000000003 229 123.00000000000003 229 171 247 171.00000000000006 hyperbola 0
263 119.00000000000003 249 119.00000000000003 249 172.00000000000006 263 172.00000000000006 hyperbola 0
279 110.00000000000003 260 110.00000000000003 260 178.00000000000006 279 178.00000000000006 hyperbola 0
300 119.00000000000003 281 119.00000000000003 281 174.00000000000006 300 174.00000000000006 hyperbola 0
396 123.00000000000006 375 123.00000000000006 375 186.00000000000006 396 186.00000000000006 hyperbola 0
410 130.00000000000006 392 130.00000000000006 392 173.00000000000006 410 173.00000000000006 hyperbola 0
428 132.00000000000006 408 132.00000000000006 408 177.00000000000006 428 177.00000000000006 hyperbola 0
447 132.00000000000006 427 132.00000000000006 427 181.00000000000006 447 181.00000000000006 hyperbola 0
465 128.00000000000006 440 128.00000000000006 440 174.00000000000006 465 174.00000000000006 hyperbola 0
479 130.00000000000006 457 130.00000000000006 457 181.00000000000006 479 181.00000000000006 hyperbola 0
499 133.00000000000006 481 133.00000000000006 481 187.00000000000006 499 187.00000000000006 hyperbola 0
515 124.00000000000006 493 124.00000000000006 493 181.00000000000006 515 181.00000000000006 hyperbola 0
530 129.00000000000006 512 129.00000000000006 512 181.00000000000006 530 181.00000000000006 hyperbola 0
551 119.00000000000006 530 119.00000000000006 530 185.00000000000006 551 185.00000000000006 hyperbola 0
564 113.00000000000006 545 113.00000000000006 545 184.00000000000006 564 184.00000000000006 hyperbola 0
589 115.00000000000007 565 115.00000000000006 565 168.00000000000006 589 168.00000000000006 hyperbola 0
622 123.00000000000009 597 123.00000000000009 597 200.00000000000006 622 200.00000000000006 hyperbola 0