183.00000000000006 173 133 173 133.00000000000003 288 183.00000000000006 288 hyperbola 0
268 173.00000000000006 228 173 228.00000000000006 271 268 271 hyperbola 0
363 44.00000000000004 319 44.00000000000004 319 259 363 259 hyperbola 0
60.000000000000014 124 43.000000000000014 124 43.00000000000003 201 60.00000000000003 201 hyperbola 0
98 109 84 109 84.00000000000003 171 98.00000000000003 171 hyperbola 0
111.00000000000001 110 98 110 98 179 111.00000000000003 179 hyperbola 0
121.00000000000001 116.00000000000001 109 116 109.00000000000003 167 121.00000000000003 167 hyperbola 0
142 118.00000000000003 122.00000000000003 118.00000000000003 122.00000000000003 163 142 163 hyperbola 0
157 115.00000000000003 137 115.00000000000003 137 164 157 164 hyperbola 0
177 114.00000000000003 156 114.00000000000003 156 164 177 164 hyperbola 0
195 108.00000000000003 176 108.00000000000003 176 168 195 168 hyperbola 0
211 118.00000000000003 195 118.00000000000003 195 169 211 169 hyperbola 0
229 113.00000000000003 209 113.00000000000003 209 166 229 166 hyperbola 0
249 120.00000000000003 229 120.00000000000003 229 168.00000000000006 249 168.00000000000006 hyperbola 0
268 122.00000000000003 248 122.00000000000003 248 175.00000000000006 268 175.00000000000006 hyperbola 0
286 120.00000000000003 270 120.00000000000003 270 181.00000000000006 286 181.00000000000006 hyperbola 0
304 116.00000000000003 286 116.00000000000003 286 182.00000000000006 304 182.00000000000006 hyperbola 0
318 119.00000000000003 304 119.00000000000003 304 182.00000000000006 318 182.00000000000006 hyperbola 0
388 116.00000000000006 367 116.00000000000006 367 177.00000000000006 388 177.00000000000006 hyperbola 0
406 102.00000000000006 386 102.00000000000006 386 181.00000000000006 406 181.00000000000006 hyperbola 0
422 112.00000000000006 404 112.00000000000006 404 172.00000000000006 422 172.00000000000006 hyperbola 0
440 115.00000000000006 420 115.00000000000006 420 173.00000000000006 440 173.00000000000006 hyperbola 0
460 112.00000000000006 437 112.00000000000006 437 176.00000000000006 460 176.00000000000006 hyperbola 0
478 119.00000000000006 460 119.00000000000006 460 179.00000000000006 478 179.00000000000006 hyperbola 0
500 107.00000000000006 478 107.00000000000006 478 176.00000000000006 500 176.00000000000006 hyperbola 0
516 127.00000000000006 500 127.00000000000006 500 178.00000000000006 516 178.00000000000006 hyperbola 0
532 127.00000000000006 515 127.00000000000006 515 181.00000000000006 532 181.00000000000006 hyperbola 0
552 119.00000000000006 533 119.00000000000006 533 186.00000000000006 552 186.00000000000006 hyperbola 0
571 124.00000000000006 546 124.00000000000006 546 186.00000000000006 571 186.00000000000006 hyperbola 0
588 127.00000000000006 571 127.00000000000006 571 186.00000000000006 588 186.00000000000006 hyperbola 0
608 127.00000000000009 588 127.00000000000009 588 185.00000000000006 608 185.00000000000006 hyperbola 0
624 123.00000000000009 608 123.00000000000009 608 185.00000000000006 624 185.00000000000006 hyperbola 0