83 115 39.000000000000014 115 39.00000000000002 194 83.00000000000003 194 hyperbola 0
129 107.00000000000001 90 107 90.00000000000001 191 129 191 hyperbola 0
166 107.00000000000003 129 107.00000000000003 129 198 166 198 hyperbola 0
206 107.00000000000003 166 107.00000000000003 166 198 206 198 hyperbola 0
241 106.00000000000003 206 106.00000000000003 206 191 241 191.00000000000006 hyperbola 0
276 109.00000000000003 246 109.00000000000003 246 185.00000000000006 276 185.00000000000006 hyperbola 0
319 102.00000000000003 270 102.00000000000003 270 183.00000000000006 319 183.00000000000006 hyperbola 0
362 105.00000000000003 317 105.00000000000003 317 186.00000000000006 362 186.00000000000006 hyperbola 0
399 106.00000000000006 362 106.00000000000006 362 181.00000000000006 399 181.00000000000006 hyperbola 0
444 98.00000000000006 400 98.00000000000006 400 181.00000000000006 444 181.00000000000006 hyperbola 0
477 101.00000000000006 436 101.00000000000006 436 186.00000000000006 477 186.00000000000006 hyperbola 0
517 116.00000000000006 478 116.00000000000006 478 182.00000000000006 517 182.00000000000006 hyperbola 0
554 119.00000000000006 519 119.00000000000006 519 186.00000000000006 554 186.00000000000006 hyperbola 0
594 109.00000000000007 554 109.00000000000006 554 185.00000000000006 594 185.00000000000006 hyperbola 0
636 110.00000000000009 594 110.00000000000009 594 181.00000000000006 636 181.00000000000006 hyperbola 0