0 0.015544 0.403397 0.014407 0.195329
0 0.053079 0.406582 0.016075 0.227176
0 0.048529 0.128450 0.010919 0.150743
0 0.006218 0.076433 0.007886 0.144374
0 0.069836 0.351380 0.008644 0.129512
0 0.108584 0.336518 0.013952 0.133758
0 0.187216 0.456476 0.015924 0.208068
0 0.239308 0.422505 0.020625 0.199575
0 0.285032 0.363057 0.012587 0.178344
0 0.299136 0.510616 0.013497 0.159236
0 0.151350 0.392781 0.015772 0.174098
0 0.378223 0.389597 0.014862 0.146497
0 0.420231 0.415074 0.011222 0.142251
0 0.434865 0.515924 0.012891 0.263270
0 0.456324 0.318471 0.010312 0.225053
0 0.472930 0.281316 0.010464 0.218684
0 0.574841 0.110403 0.010464 0.161359
0 0.637019 0.246285 0.013497 0.203822
