0 0.027743 0.096603 0.015436 0.104034
0 0.100334 0.073248 0.018773 0.121019
0 0.125991 0.113588 0.018356 0.129512
0 0.164581 0.105096 0.017105 0.129512
0 0.316646 0.252654 0.021694 0.140127
0 0.305799 0.129512 0.020025 0.118896
0 0.400918 0.282378 0.025866 0.123142
0 0.430538 0.109342 0.017522 0.125265
0 0.446809 0.113588 0.017522 0.108280
0 0.712975 0.080679 0.016688 0.114650
0 0.828118 0.338641 0.040884 0.188960
0 0.841886 0.211253 0.025031 0.171975
0 0.981018 0.139066 0.022111 0.138004
0 0.794326 0.183652 0.022528 0.104034
0 0.600960 0.132696 0.015436 0.099788
0 0.623279 0.081741 0.020859 0.104034
